0.0
0.09775171065493646
0.19550342130987292
0.2932551319648094
0.39100684261974583
0.4887585532746823
0.5865102639296188
0.6842619745845552
0.7820136852394917
0.8797653958944283
0.9775171065493646
1.0752688172043012
1.1730205278592376
1.270772238514174
1.3685239491691104
1.466275659824047
1.5640273704789833
1.6617790811339197
1.7595307917888565
1.857282502443793
1.9550342130987293
2.0527859237536656
2.1505376344086025
2.248289345063539
2.346041055718475
2.4437927663734116
2.541544477028348
2.6392961876832843
2.7370478983382207
2.834799608993157
2.932551319648094
3.0303030303030303
3.1280547409579667
3.225806451612903
3.3235581622678394
3.4213098729227758
3.519061583577713
3.6168132942326494
3.714565004887586
3.812316715542522
3.9100684261974585
4.007820136852395
4.105571847507331
4.203323558162268
4.301075268817205
4.398826979472141
4.496578690127078
4.594330400782014
4.69208211143695
4.789833822091887
4.887585532746823
4.9853372434017595
5.083088954056696
5.180840664711632
5.278592375366569
5.376344086021505
5.474095796676441
5.571847507331378
5.669599217986314
5.7673509286412505
5.865102639296188
5.962854349951124
6.0606060606060606
6.158357771260997
6.256109481915933
6.35386119257087
6.451612903225806
6.549364613880742
6.647116324535679
6.744868035190615
6.8426197458455515
6.940371456500488
7.038123167155426
7.1358748778103624
7.233626588465299
7.331378299120235
7.429130009775172
7.526881720430108
7.624633431085044
7.722385141739981
7.820136852394917
7.9178885630498534
8.01564027370479
8.113391984359726
8.211143695014663
8.308895405669599
8.406647116324535
8.504398826979472
8.60215053763441
8.699902248289346
8.797653958944283
8.895405669599219
8.993157380254155
9.090909090909092
9.188660801564028
9.286412512218964
9.3841642228739
9.481915933528837
9.579667644183774
9.67741935483871
9.775171065493646
9.872922776148583
9.970674486803519
10.068426197458455
10.166177908113392
10.263929618768328
10.361681329423265
10.459433040078201
10.557184750733137
10.654936461388074
10.75268817204301
10.850439882697946
10.948191593352883
11.04594330400782
11.143695014662756
11.241446725317692
11.339198435972628
11.436950146627565
11.534701857282501
11.632453567937437
11.730205278592376
11.827956989247312
11.925708699902248
12.023460410557185
12.121212121212121
12.218963831867057
12.316715542521994
12.41446725317693
12.512218963831867
12.609970674486803
12.70772238514174
12.805474095796676
12.903225806451612
13.000977517106548
13.098729227761485
13.196480938416421
13.294232649071358
13.391984359726294
13.48973607038123
13.587487781036167
13.685239491691103
13.78299120234604
13.880742913000976
13.978494623655912
14.076246334310852
14.173998044965789
14.271749755620725
14.369501466275661
14.467253176930598
14.565004887585534
14.66275659824047
14.760508308895407
14.858260019550343
14.95601173020528
15.053763440860216
15.151515151515152
15.249266862170089
15.347018572825025
15.444770283479961
15.542521994134898
15.640273704789834
15.73802541544477
15.835777126099707
15.933528836754643
16.03128054740958
16.129032258064516
16.226783968719452
16.32453567937439
16.422287390029325
16.52003910068426
16.617790811339198
16.715542521994134
16.81329423264907
16.911045943304007
17.008797653958943
17.10654936461388
17.20430107526882
17.302052785923756
17.399804496578692
17.49755620723363
17.595307917888565
17.6930596285435
17.790811339198438
17.888563049853374
17.98631476050831
18.084066471163247
18.181818181818183
18.27956989247312
18.377321603128056
18.475073313782993
18.57282502443793
18.670576735092865
18.7683284457478
18.866080156402738
18.963831867057674
19.06158357771261
19.159335288367547
19.257086999022484
19.35483870967742
19.452590420332356
19.550342130987293
19.64809384164223
19.745845552297165
19.843597262952102
19.941348973607038
20.039100684261975
20.13685239491691
20.234604105571847
20.332355816226784
20.43010752688172
20.527859237536656
20.625610948191593
20.72336265884653
20.821114369501466
20.918866080156402
21.01661779081134
21.114369501466275
21.21212121212121
21.309872922776147
21.407624633431084
21.50537634408602
21.603128054740957
21.700879765395893
21.79863147605083
21.896383186705766
21.994134897360702
22.09188660801564
22.189638318670575
22.28739002932551
22.385141739980448
22.482893450635384
22.58064516129032
22.678396871945257
22.776148582600193
22.87390029325513
22.971652003910066
23.069403714565002
23.16715542521994
23.264907135874875
23.36265884652981
23.46041055718475
23.558162267839688
23.655913978494624
23.75366568914956
23.851417399804497
23.949169110459433
24.04692082111437
24.144672531769306
24.242424242424242
24.34017595307918
24.437927663734115
24.53567937438905
24.633431085043988
24.731182795698924
24.82893450635386
24.926686217008797
25.024437927663733
25.12218963831867
25.219941348973606
25.317693059628542
25.41544477028348
25.513196480938415
25.61094819159335
25.708699902248288
25.806451612903224
25.90420332355816
26.001955034213097
26.099706744868033
26.19745845552297
26.295210166177906
26.392961876832842
26.49071358748778
26.588465298142715
26.68621700879765
26.783968719452588
26.881720430107524
26.97947214076246
27.077223851417397
27.174975562072333
27.27272727272727
27.370478983382206
27.468230694037143
27.56598240469208
27.663734115347015
27.76148582600195
27.859237536656888
27.956989247311824
28.05474095796676
28.152492668621704
28.25024437927664
28.347996089931577
28.445747800586513
28.54349951124145
28.641251221896386
28.739002932551323
28.83675464320626
28.934506353861195
29.03225806451613
29.130009775171068
29.227761485826004
29.32551319648094
29.423264907135877
29.521016617790814
29.61876832844575
29.716520039100686
29.814271749755623
29.91202346041056
30.009775171065495
30.107526881720432
30.205278592375368
30.303030303030305
30.40078201368524
30.498533724340177
30.596285434995114
30.69403714565005
30.791788856304986
30.889540566959923
30.98729227761486
31.085043988269796
31.182795698924732
31.28054740957967
31.378299120234605
31.47605083088954
31.573802541544477
31.671554252199414
31.76930596285435
31.867057673509287
31.964809384164223
32.06256109481916
32.16031280547409
32.25806451612903
32.355816226783965
32.453567937438905
32.55131964809384
32.64907135874878
32.74682306940371
32.84457478005865
32.94232649071358
33.04007820136852
33.137829912023456
33.235581622678396
33.33333333333333
33.43108504398827
33.5288367546432
33.62658846529814
33.724340175953074
33.822091886608014
33.91984359726295
34.01759530791789
34.11534701857282
34.21309872922776
34.31085043988269
34.40860215053764
34.50635386119257
34.60410557184751
34.701857282502445
34.799608993157385
34.89736070381232
34.99511241446726
35.09286412512219
35.19061583577713
35.28836754643206
35.386119257087
35.483870967741936
35.581622678396876
35.67937438905181
35.77712609970675
35.87487781036168
35.97262952101662
36.070381231671554
36.168132942326494
36.26588465298143
36.36363636363637
36.4613880742913
36.55913978494624
36.65689149560117
36.75464320625611
36.852394916911045
36.950146627565985
37.04789833822092
37.14565004887586
37.24340175953079
37.34115347018573
37.43890518084066
37.5366568914956
37.634408602150536
37.732160312805476
37.82991202346041
37.92766373411535
38.02541544477028
38.12316715542522
38.220918866080154
38.318670576735094
38.41642228739003
38.51417399804497
38.6119257086999
38.70967741935484
38.80742913000977
38.90518084066471
39.002932551319645
39.100684261974585
39.19843597262952
39.29618768328446
39.39393939393939
39.49169110459433
39.589442815249264
39.687194525904204
39.784946236559136
39.882697947214076
39.98044965786901
40.07820136852395
40.17595307917888
40.27370478983382
40.371456500488755
40.469208211143695
40.56695992179863
40.66471163245357
40.76246334310851
40.86021505376344
40.95796676441838
41.05571847507331
41.15347018572825
41.251221896383186
41.348973607038126
41.44672531769306
41.544477028348
41.64222873900293
41.73998044965787
41.837732160312804
41.935483870967744
42.03323558162268
42.13098729227762
42.22873900293255
42.32649071358749
42.42424242424242
42.52199413489736
42.619745845552295
42.717497556207235
42.81524926686217
42.91300097751711
43.01075268817204
43.10850439882698
43.20625610948191
43.30400782013685
43.401759530791786
43.499511241446726
43.59726295210166
43.6950146627566
43.79276637341153
43.89051808406647
43.988269794721404
44.086021505376344
44.18377321603128
44.28152492668622
44.37927663734115
44.47702834799609
44.57478005865102
44.67253176930596
44.770283479960895
44.868035190615835
44.96578690127077
45.06353861192571
45.16129032258064
45.25904203323558
45.35679374389051
45.45454545454545
45.552297165200386
45.650048875855326
45.74780058651026
45.8455522971652
45.94330400782013
46.04105571847507
46.138807429130004
46.236559139784944
46.33431085043988
46.43206256109482
46.52981427174975
46.62756598240469
46.72531769305962
46.82306940371456
46.9208211143695
47.01857282502444
47.116324535679375
47.214076246334315
47.31182795698925
47.40957966764419
47.50733137829912
47.60508308895406
47.70283479960899
47.80058651026393
47.898338220918866
47.996089931573806
48.09384164222874
48.19159335288368
48.28934506353861
48.38709677419355
48.484848484848484
48.582600195503424
48.68035190615836
48.7781036168133
48.87585532746823
48.97360703812317
49.0713587487781
49.16911045943304
49.266862170087975
49.364613880742915
49.46236559139785
49.56011730205279
49.65786901270772
49.75562072336266
49.853372434017594
49.951124144672534
50.048875855327466
50.146627565982406
50.24437927663734
50.34213098729228
50.43988269794721
50.53763440860215
50.635386119257085
50.733137829912025
50.83088954056696
50.9286412512219
51.02639296187683
51.12414467253177
51.2218963831867
51.31964809384164
51.417399804496576
51.515151515151516
51.61290322580645
51.71065493646139
51.80840664711632
51.90615835777126
52.003910068426194
52.101661779081134
52.19941348973607
52.29716520039101
52.39491691104594
52.49266862170088
52.59042033235581
52.68817204301075
52.785923753665685
52.883675464320625
52.98142717497556
53.0791788856305
53.17693059628543
53.27468230694037
53.3724340175953
53.47018572825024
53.567937438905176
53.665689149560116
53.76344086021505
53.86119257086999
53.95894428152492
54.05669599217986
54.154447702834794
54.252199413489734
54.34995112414467
54.44770283479961
54.54545454545454
54.64320625610948
54.74095796676441
54.83870967741935
54.936461388074285
55.034213098729225
55.13196480938416
55.2297165200391
55.32746823069403
55.42521994134897
55.5229716520039
55.62072336265884
55.718475073313776
55.816226783968716
55.91397849462365
56.01173020527859
56.10948191593352
56.20723362658846
56.30498533724341
56.40273704789834
56.50048875855328
56.598240469208214
56.695992179863154
56.79374389051809
56.89149560117303
56.98924731182796
57.0869990224829
57.18475073313783
57.28250244379277
57.380254154447705
57.478005865102645
57.57575757575758
57.67350928641252
57.77126099706745
57.86901270772239
57.96676441837732
58.06451612903226
58.162267839687196
58.260019550342136
58.35777126099707
58.45552297165201
58.55327468230694
58.65102639296188
58.748778103616814
58.846529814271754
58.94428152492669
59.04203323558163
59.13978494623656
59.2375366568915
59.33528836754643
59.43304007820137
59.530791788856305
59.628543499511245
59.72629521016618
59.82404692082112
59.92179863147605
60.01955034213099
60.117302052785924
60.215053763440864
60.312805474095796
60.410557184750736
60.50830889540567
60.60606060606061
60.70381231671554
60.80156402737048
60.899315738025415
60.997067448680355
61.09481915933529
61.19257086999023
61.29032258064516
61.3880742913001
61.48582600195503
61.58357771260997
61.681329423264906
61.779081133919846
61.87683284457478
61.97458455522972
62.07233626588465
62.17008797653959
62.267839687194524
62.365591397849464
62.4633431085044
62.56109481915934
62.65884652981427
62.75659824046921
62.85434995112414
62.95210166177908
63.049853372434015
63.147605083088955
63.24535679374389
63.34310850439883
63.44086021505376
63.5386119257087
63.63636363636363
63.73411534701857
63.831867057673506
63.929618768328446
64.02737047898339
64.12512218963832
64.22287390029325
64.32062561094818
64.41837732160313
64.51612903225806
64.613880742913
64.71163245356793
64.80938416422288
64.90713587487781
65.00488758553274
65.10263929618768
65.20039100684262
65.29814271749756
65.39589442815249
65.49364613880742
65.59139784946237
65.6891495601173
65.78690127077223
65.88465298142717
65.98240469208211
66.08015640273705
66.17790811339198
66.27565982404691
66.37341153470186
66.47116324535679
66.56891495601172
66.66666666666666
66.7644183773216
66.86217008797654
66.95992179863147
67.0576735092864
67.15542521994135
67.25317693059628
67.35092864125122
67.44868035190615
67.5464320625611
67.64418377321603
67.74193548387096
67.8396871945259
67.93743890518084
68.03519061583577
68.1329423264907
68.23069403714564
68.32844574780059
68.42619745845552
68.52394916911045
68.62170087976538
68.71945259042033
68.81720430107528
68.91495601173021
69.01270772238514
69.11045943304008
69.20821114369502
69.30596285434996
69.40371456500489
69.50146627565982
69.59921798631477
69.6969696969697
69.79472140762464
69.89247311827957
69.99022482893452
70.08797653958945
70.18572825024438
70.28347996089931
70.38123167155426
70.4789833822092
70.57673509286413
70.67448680351906
70.772238514174
70.86999022482894
70.96774193548387
71.0654936461388
71.16324535679375
71.26099706744868
71.35874877810362
71.45650048875855
71.5542521994135
71.65200391006843
71.74975562072336
71.8475073313783
71.94525904203324
72.04301075268818
72.14076246334311
72.23851417399804
72.33626588465299
72.43401759530792
72.53176930596285
72.62952101661779
72.72727272727273
72.82502443792767
72.9227761485826
73.02052785923753
73.11827956989248
73.21603128054741
73.31378299120234
73.41153470185728
73.50928641251222
73.60703812316716
73.70478983382209
73.80254154447702
73.90029325513197
73.9980449657869
74.09579667644184
74.19354838709677
74.29130009775172
74.38905180840665
74.48680351906158
74.58455522971651
74.68230694037146
74.7800586510264
74.87781036168133
74.97556207233626
75.0733137829912
75.17106549364614
75.26881720430107
75.366568914956
75.46432062561095
75.56207233626589
75.65982404692082
75.75757575757575
75.8553274682307
75.95307917888563
76.05083088954056
76.1485826001955
76.24633431085044
76.34408602150538
76.44183773216031
76.53958944281524
76.63734115347019
76.73509286412512
76.83284457478005
76.93059628543499
77.02834799608993
77.12609970674487
77.2238514173998
77.32160312805473
77.41935483870968
77.51710654936461
77.61485826001955
77.71260997067448
77.81036168132943
77.90811339198436
78.00586510263929
78.10361681329422
78.20136852394917
78.2991202346041
78.39687194525904
78.49462365591397
78.59237536656892
78.69012707722385
78.78787878787878
78.88563049853371
78.98338220918866
79.0811339198436
79.17888563049853
79.27663734115346
79.37438905180841
79.47214076246334
79.56989247311827
79.6676441837732
79.76539589442815
79.86314760508309
79.96089931573802
80.05865102639295
80.1564027370479
80.25415444770283
80.35190615835776
80.4496578690127
80.54740957966764
80.64516129032258
80.74291300097751
80.84066471163244
80.93841642228739
81.03616813294232
81.13391984359725
81.23167155425219
81.32942326490713
81.42717497556208
81.52492668621701
81.62267839687195
81.72043010752688
81.81818181818183
81.91593352883676
82.01368523949169
82.11143695014663
82.20918866080157
82.3069403714565
82.40469208211144
82.50244379276637
82.60019550342132
82.69794721407625
82.79569892473118
82.89345063538612
82.99120234604106
83.088954056696
83.18670576735093
83.28445747800586
83.38220918866081
83.47996089931574
83.57771260997067
83.67546432062561
83.77321603128055
83.87096774193549
83.96871945259042
84.06647116324535
84.1642228739003
84.26197458455523
84.35972629521017
84.4574780058651
84.55522971652005
84.65298142717498
84.75073313782991
84.84848484848484
84.94623655913979
85.04398826979472
85.14173998044966
85.23949169110459
85.33724340175954
85.43499511241447
85.5327468230694
85.63049853372434
85.72825024437928
85.82600195503422
85.92375366568915
86.02150537634408
86.11925708699903
86.21700879765396
86.3147605083089
86.41251221896383
86.51026392961877
86.6080156402737
86.70576735092864
86.80351906158357
86.90127077223852
86.99902248289345
87.09677419354838
87.19452590420332
87.29227761485826
87.3900293255132
87.48778103616813
87.58553274682306
87.68328445747801
87.78103616813294
87.87878787878788
87.97653958944281
88.07429130009776
88.17204301075269
88.26979472140762
88.36754643206255
88.4652981427175
88.56304985337243
88.66080156402737
88.7585532746823
88.85630498533725
88.95405669599218
89.05180840664711
89.14956011730204
89.24731182795699
89.34506353861192
89.44281524926686
89.54056695992179
89.63831867057674
89.73607038123167
89.8338220918866
89.93157380254154
90.02932551319648
90.12707722385142
90.22482893450635
90.32258064516128
90.42033235581623
90.51808406647116
90.6158357771261
90.71358748778103
90.81133919843597
90.9090909090909
91.00684261974584
91.10459433040077
91.20234604105572
91.30009775171065
91.39784946236558
91.49560117302052
91.59335288367546
91.6911045943304
91.78885630498533
91.88660801564026
91.98435972629521
92.08211143695014
92.17986314760508
92.27761485826001
92.37536656891496
92.47311827956989
92.57086999022482
92.66862170087975
92.7663734115347
92.86412512218963
92.96187683284457
93.0596285434995
93.15738025415445
93.25513196480938
93.35288367546431
93.45063538611925
93.54838709677419
93.64613880742912
93.74389051808406
93.841642228739
93.93939393939394
94.03714565004888
94.13489736070382
94.23264907135875
94.3304007820137
94.42815249266863
94.52590420332356
94.6236559139785
94.72140762463343
94.81915933528838
94.91691104594331
95.01466275659824
95.11241446725319
95.21016617790812
95.30791788856305
95.40566959921799
95.50342130987292
95.60117302052787
95.6989247311828
95.79667644183773
95.89442815249268
95.99217986314761
96.08993157380255
96.18768328445748
96.28543499511241
96.38318670576736
96.48093841642229
96.57869012707722
96.67644183773217
96.7741935483871
96.87194525904204
96.96969696969697
97.0674486803519
97.16520039100685
97.26295210166178
97.36070381231671
97.45845552297166
97.5562072336266
97.65395894428153
97.75171065493646
97.84946236559139
97.94721407624634
98.04496578690127
98.1427174975562
98.24046920821115
98.33822091886609
98.43597262952102
98.53372434017595
98.63147605083088
98.72922776148583
98.82697947214076
98.9247311827957
99.02248289345064
99.12023460410558
99.21798631476051
99.31573802541544
99.41348973607037
99.51124144672532
99.60899315738025
99.70674486803519
99.80449657869013
99.90224828934507
100.0
